1556177103975576878 
1556177104008931875 
1556177104042286873 
1556177104075641870 
1556177104108995914 
1556177104142350912 
1556177104175705910 
1556177104209060907 
1556177104242415905 
1556177104275770903 
1556177104309125900 
1556177104342480898 
1556177104375835896 
1556177104409190893 
1556177104442545891 
1556177104475900888 
1556177104509255886 
1556177104542609930 
1556177104575964928 
1556177104609319925 
1556177104642674923 
1556177104676029921 
1556177104709384918 
1556177104742739916 
1556177104776094913 
1556177104809449911 
1556177104842804909 
1556177104876159906 
1556177104909514904 
1556177104942869902 
1556177104976223946 
1556177105009578943 
1556177105042933941 
1556177105076288939 
1556177105109643936 
1556177105142998934 
1556177105176353931 
1556177105209708929 
1556177105243063927 
1556177105276418924 
1556177105309773922 
1556177105343128920 
1556177105376483917 
1556177105409838915 
1556177105443192959 
1556177105476547956 
1556177105509902954 
1556177105543257952 
1556177105576612949 
1556177105609967947 
1556177105643322945 
1556177105676677942 
1556177105710032940 
1556177105743387938 
1556177105776742935 
1556177105810097933 
1556177105843452930 
1556177105876806974 
1556177105910161972 
1556177105943516970 
1556177105976871967 
1556177106010226965 
1556177106043581963 
1556177106076936960 
1556177106110291958 
1556177106143646955 
1556177106177001953 
1556177106210356951 
1556177106243711948 
1556177106277066946 
1556177106310420990 
1556177106343775988 
1556177106377130985 
1556177106410485983 
1556177106443840981 
1556177106477195978 
1556177106510550976 
1556177106543905973 
1556177106577260971 
1556177106610615969 
1556177106643970966 
1556177106677325964 
1556177106710680962 
1556177106744035959 
1556177106777390003 
1556177106810745001 
1556177106844099998 
1556177106877454996 
1556177106910809994 
1556177106944164991 
1556177106977519989 
1556177107010874987 
1556177107044229984 
1556177107077584982 
1556177107110939980 
1556177107144294977 
1556177107177649975 
1556177107211004019 
1556177107244359016 
1556177107277714014 
1556177107311069012 
1556177107344424009 
1556177107377779007 
1556177107411134005 
1556177107444489002 
1556177107477844000 
1556177107511198997 
1556177107544553995 
1556177107577908993 
1556177107611263990 
1556177107644618034 
1556177107677973032 
1556177107711328030 
1556177107744683027 
1556177107778038025 
1556177107811393023 
1556177107844748020 
1556177107878103018 
1556177107911458015 
1556177107944813013 
1556177107978168011 
1556177108011523008 
1556177108044878006 
1556177108078233004 
1556177108111587048 
1556177108144942045 
1556177108178297043 
1556177108211652040 
1556177108245007038 
1556177108278362036 
1556177108311717033 
1556177108345072031 
1556177108378427029 
1556177108411782026 
1556177108445137024 
1556177108478492022 
1556177108511847019 
1556177108545201063 
1556177108578556061 
1556177108611911058 
1556177108645266056 
1556177108678621054 
1556177108711976051 
1556177108745331049 
1556177108778686047 
1556177108812041044 
1556177108845396042 
1556177108878751040 
1556177108912106037 
1556177108945461035 
1556177108978815079 
1556177109012170076 
1556177109045525074 
1556177109078880072 
1556177109112235069 
1556177109145590067 
1556177109178945065 
1556177109212300062 
1556177109245655060 
1556177109279010057 
1556177109312365055 
1556177109345720053 
1556177109379075050 
1556177109412430048 
1556177109445784092 
1556177109479139090 
1556177109512494087 
1556177109545849085 
1556177109579204082 
1556177109612559080 
1556177109645914078 
1556177109679269075 
1556177109712624073 
1556177109745979071 
1556177109779334068 
1556177109812689066 
1556177109846044064 
1556177109879398108 
1556177109912753105 
1556177109946108103 
1556177109979463100 
1556177110012818098 
1556177110046173096 
1556177110079528093 
1556177110112883091 
1556177110146238089 
1556177110179593086 
1556177110212948084 
1556177110246303320 
1556177110279658318 
1556177110313012123 
1556177110346367121 
1556177110379722118 
1556177110413077116 
1556177110446432114 
1556177110479787111 
1556177110513142109 
1556177110546497107 
1556177110579852104 
1556177110613207102 
1556177110646562338 
1556177110679917336 
1556177110713272333 
1556177110746627331 
1556177110779981136 
1556177110813336134 
1556177110846691132 
1556177110880046129 
1556177110913401127 
1556177110946756124 
1556177110980111122 
1556177111013466120 
1556177111046821356 
1556177111080176353 
1556177111113531351 
1556177111146886349 
1556177111180241346 
1556177111213595152 
1556177111246950150 
1556177111280305147 
1556177111313660145 
1556177111347015142 
1556177111380370140 
1556177111413725138 
1556177111447080374 
1556177111480435371 
1556177111513790369 
1556177111547145367 
1556177111580500364 
1556177111613855362 
1556177111647209167 
1556177111680564165 
1556177111713919163 
1556177111747274160 
1556177111780629158 
1556177111813984394 
1556177111847339392 
1556177111880694389 
1556177111914049387 
1556177111947404385 
1556177111980759382 
1556177112014114380 
1556177112047469378 
1556177112080824375 
1556177112114178181 
1556177112147533178 
1556177112180888176 
1556177112214243412 
1556177112247598410 
1556177112280953407 
1556177112314308405 
1556177112347663403 
1556177112381018400 
1556177112414373398 
1556177112447728395 
1556177112481083393 
1556177112514438391 
1556177112547792196 
1556177112581147194 
1556177112614502430 
1556177112647857428 
1556177112681212425 
1556177112714567423 
1556177112747922421 
1556177112781277418 
1556177112814632416 
1556177112847987413 
1556177112881342411 
1556177112914697409 
1556177112948052406 
1556177112981406450 
1556177113014761448 
1556177113048116446 
1556177113081471443 
1556177113114826441 
1556177113148181438 
1556177113181536436 
1556177113214891434 
1556177113248246431 
1556177113281601429 
1556177113314956427 
1556177113348311424 
1556177113381666422 
1556177113415021420 
1556177113448375463 
1556177113481730461 
1556177113515085459 
1556177113548440456 
1556177113581795454 
1556177113615150452 
1556177113648505449 
1556177113681860447 
1556177113715215445 
1556177113748570442 
1556177113781925440 
1556177113815280437 
1556177113848635435 
1556177113881989479 
1556177113915344477 
1556177113948699474 
1556177113982054472 
1556177114015409470 
1556177114048764467 
1556177114082119465 
1556177114115474463 
1556177114148829460 
1556177114182184458 
1556177114215539455 
1556177114248894453 
1556177114282249451 
1556177114315603495 
1556177114348958492 
1556177114382313490 
1556177114415668488 
1556177114449023485 
1556177114482378483 
1556177114515733480 
1556177114549088478 
1556177114582443476 
1556177114615798473 
1556177114649153471 
1556177114682508469 
1556177114715863466 
1556177114749218464 
1556177114782572508 
1556177114815927505 
1556177114849282503 
1556177114882637501 
1556177114915992498 
1556177114949347496 
1556177114982702494 
1556177115016057491 
1556177115049412489 
1556177115082767487 
1556177115116122484 
1556177115149477482 
1556177115182832479 
1556177115216186523 
1556177115249541521 
1556177115282896519 
1556177115316251516 
1556177115349606514 
1556177115382961512 
1556177115416316509 
1556177115449671507 
1556177115483026505 
1556177115516381502 
1556177115549736500 
1556177115583091497 
1556177115616446495 
1556177115649800539 
1556177115683155537 
1556177115716510534 
1556177115749865532 
1556177115783220530 
1556177115816575527 
1556177115849930525 
1556177115883285522 
1556177115916640520 
1556177115949995518 
1556177115983350515 
1556177116016705513 
1556177116050060511 
1556177116083415508 
1556177116116769552 
1556177116150124550 
1556177116183479548 
1556177116216834545 
1556177116250189543 
1556177116283544540 
1556177116316899538 
1556177116350254536 
1556177116383609533 
1556177116416964531 
1556177116450319529 
1556177116483674526 
1556177116517029524 
1556177116550383568 
1556177116583738565 
1556177116617093563 
1556177116650448561 
1556177116683803558 
1556177116717158556 
1556177116750513554 
1556177116783868551 
1556177116817223549 
1556177116850578547 
1556177116883933544 
1556177116917288542 
1556177116950643539 
1556177116983997583 
1556177117017352581 
1556177117050707579 
1556177117084062576 
1556177117117417574 
1556177117150772572 
1556177117184127569 
1556177117217482567 
1556177117250837564 
1556177117284192562 
1556177117317547560 
1556177117350902557 
1556177117384257555 
1556177117417612553 
1556177117450966597 
1556177117484321594 
1556177117517676592 
1556177117551031590 
1556177117584386587 
1556177117617741585 
1556177117651096582 
1556177117684451580 
1556177117717806578 
1556177117751161575 
1556177117784516573 
1556177117817871571 
1556177117851226568 
1556177117884580612 
1556177117917935610 
1556177117951290607 
1556177117984645605 
1556177118018000603 
1556177118051355600 
1556177118084710598 
1556177118118065596 
1556177118151420593 
1556177118184775591 
1556177118218130589 
1556177118251485586 
1556177118284840584 
1556177118318194628 
1556177118351549625 
1556177118384904623 
1556177118418259621 
1556177118451614618 
1556177118484969616 
1556177118518324614 
1556177118551679611 
1556177118585034609 
1556177118618389606 
1556177118651744604 
1556177118685099602 
1556177118718454599 
1556177118751809597 
1556177118785163641 
1556177118818518639 
1556177118851873636 
1556177118885228634 
1556177118918583632 
1556177118951938629 
1556177118985293627 
1556177119018648624 
1556177119052003622 
1556177119085358620 
1556177119118713617 
1556177119152068615 
1556177119185423613 
1556177119218777657 
1556177119252132654 
1556177119285487652 
1556177119318842649 
1556177119352197647 
1556177119385552645 
1556177119418907642 
1556177119452262640 
1556177119485617638 
1556177119518972635 
1556177119552327633 
1556177119585682631 
1556177119619037628 
1556177119652391672 
1556177119685746670 
1556177119719101667 
1556177119752456665 
1556177119785811663 
1556177119819166660 
1556177119852521658 
1556177119885876656 
1556177119919231653 
1556177119952586651 
1556177119985941648 
1556177120019296646 
1556177120052651644 
1556177120086006641 
1556177120119360685 
1556177120152715683 
1556177120186070681 
1556177120219425678 
1556177120252780676 
1556177120286135674 
1556177120319490671 
1556177120352845669 
1556177120386200666 
1556177120419555664 
1556177120452910662 
1556177120486265659 
1556177120519620657 
1556177120552974701 
1556177120586329699 
1556177120619684696 
1556177120653039694 
1556177120686394691 
1556177120719749689 
1556177120753104687 
1556177120786459684 
1556177120819814682 
1556177120853169680 
1556177120886524677 
1556177120919879675 
1556177120953234673 
1556177120986588717 
1556177121019943714 
1556177121053298712 
1556177121086653709 
1556177121120008707 
1556177121153363705 
1556177121186718702 
1556177121220073700 
1556177121253428698 
1556177121286783695 
1556177121320138693 
1556177121353493690 
1556177121386848688 
1556177121420203686 
1556177121453557730 
1556177121486912727 
1556177121520267725 
1556177121553622723 
1556177121586977720 
1556177121620332718 
1556177121653687716 
1556177121687042713 
1556177121720397711 
1556177121753752708 
1556177121787107706 
1556177121820462704 
1556177121853817701 
1556177121887171745 
1556177121920526743 
1556177121953881741 
1556177121987236738 
1556177122020591736 
1556177122053946733 
1556177122087301731 
1556177122120656729 
1556177122154011726 
1556177122187366724 
1556177122220721722 
1556177122254076719 
1556177122287431717 
1556177122320785761 
1556177122354140759 
1556177122387495756 
1556177122420850754 
1556177122454205751 
1556177122487560749 
1556177122520915747 
1556177122554270744 
1556177122587625742 
1556177122620980740 
1556177122654335737 
1556177122687690735 
1556177122721045732 
1556177122754400730 
1556177122787754774 
1556177122821109772 
1556177122854464769 
1556177122887819767 
1556177122921174765 
1556177122954529762 
1556177122987884760 
1556177123021239758 
1556177123054594755 
1556177123087949753 
1556177123121304750 
1556177123154659748 
1556177123188014746 
1556177123221368790 
1556177123254723787 
1556177123288078785 
1556177123321433783 
1556177123354788780 
1556177123388143778 
1556177123421498775 
1556177123454853773 
1556177123488208771 
1556177123521563768 
1556177123554918766 
1556177123588273764 
1556177123621628761 
1556177123654982805 
1556177123688337803 
1556177123721692801 
1556177123755047798 
1556177123788402796 
1556177123821757793 
1556177123855112791 
1556177123888467789 
1556177123921822786 
1556177123955177784 
1556177123988532782 
1556177124021887779 
1556177124055242777 
1556177124088597775 
1556177124121951818 
1556177124155306816 
1556177124188661814 
1556177124222016811 
1556177124255371809 
1556177124288726807 
1556177124322081804 
1556177124355436802 
1556177124388791800 
1556177124422146797 
1556177124455501795 
1556177124488856792 
1556177124522211790 
1556177124555565834 
1556177124588920832 
1556177124622275829 
1556177124655630827 
1556177124688985825 
1556177124722340822 
1556177124755695820 
1556177124789050817 
1556177124822405815 
1556177124855760813 
1556177124889115810 
1556177124922470808 
1556177124955825806 
1556177124989179850 
1556177125022534847 
1556177125055889845 
1556177125089244843 
1556177125122599840 
1556177125155954838 
1556177125189309835 
1556177125222664833 
1556177125256019831 
1556177125289374828 
1556177125322729826 
1556177125356084824 
1556177125389439821 
1556177125422794819 
1556177125456148863 
1556177125489503860 
1556177125522858858 
1556177125556213856 
1556177125589568853 
1556177125622923851 
1556177125656278849 
1556177125689633846 
1556177125722988844 
1556177125756343842 
1556177125789698839 
1556177125823053837 
1556177125856408834 
1556177125889762878 
1556177125923117876 
1556177125956472874 
1556177125989827871 
1556177126023182869 
1556177126056537867 
1556177126089892864 
1556177126123247862 
1556177126156602859 
1556177126189957857 
1556177126223312855 
1556177126256667852 
1556177126290022850 
1556177126323376894 
1556177126356731892 
1556177126390086889 
1556177126423441887 
1556177126456796885 
1556177126490151882 
1556177126523506880 
1556177126556861877 
1556177126590216875 
1556177126623571873 
1556177126656926870 
1556177126690281868 
1556177126723636866 
1556177126756992102 
1556177126790345907 
1556177126823700905 
1556177126857055902 
1556177126890410900 
1556177126923765898 
1556177126957120895 
1556177126990475893 
1556177127023830891 
1556177127057185888 
1556177127090540886 
1556177127123896122 
1556177127157251120 
1556177127190606117 
1556177127223959923 
1556177127257314920 
1556177127290669918 
1556177127324024916 
1556177127357379913 
1556177127390734911 
1556177127424089909 
1556177127457444906 
1556177127490799904 
1556177127524155140 
1556177127557510138 
1556177127590865135 
1556177127624220133 
1556177127657573938 
1556177127690928936 
1556177127724283934 
1556177127757638931 
1556177127790993929 
1556177127824348927 
1556177127857703924 
1556177127891058922 
1556177127924414158 
1556177127957769156 
1556177127991124153 
1556177128024479151 
1556177128057834148 
1556177128091189146 
1556177128124542952 
1556177128157897949 
1556177128191252947 
1556177128224607944 
1556177128257962942 
1556177128291317940 
1556177128324673176 
1556177128358028173 
1556177128391383171 
1556177128424738169 
1556177128458093166 
1556177128491448164 
1556177128524803162 
1556177128558156967 
1556177128591511965 
1556177128624866962 
1556177128658221960 
1556177128691577196 
1556177128724932194 
1556177128758287191 
1556177128791642189 
1556177128824997187 
1556177128858352184 
1556177128891707182 
1556177128925062180 
1556177128958417177 
1556177128991770983 
1556177129025125980 
1556177129058480978 
1556177129091836214 
1556177129125191212 
1556177129158546209 
1556177129191901207 
1556177129225256205 
1556177129258611202 
1556177129291966200 
1556177129325321198 
1556177129358676195 
1556177129392031193 
1556177129425386190 
1556177129458739996 
1556177129492095232 
1556177129525450230 
1556177129558805227 
1556177129592160225 
1556177129625515223 
1556177129658870220 
1556177129692225218 
1556177129725580215 
1556177129758935213 
1556177129792290211 
1556177129825645208 
1556177129859000206 
1556177129892354250 
1556177129925709248 
1556177129959064245 
1556177129992419243 
1556177130025774240 
1556177130059129238 
1556177130092484236 
1556177130125839233 
1556177130159194231 
1556177130192549229 
1556177130225904226 
1556177130259259224 
1556177130292614222 
1556177130325968266 
1556177130359323263 
1556177130392678261 
1556177130426033258 
1556177130459388256 
1556177130492743254 
1556177130526098251 
1556177130559453249 
1556177130592808247 
1556177130626163244 
1556177130659518242 
1556177130692873240 
1556177130726228237 
1556177130759583235 
1556177130792937279 
1556177130826292276 
1556177130859647274 
1556177130893002272 
1556177130926357269 
1556177130959712267 
1556177130993067265 
1556177131026422262 
1556177131059777260 
1556177131093132257 
1556177131126487255 
1556177131159842253 
1556177131193197250 
1556177131226551294 
1556177131259906292 
1556177131293261290 
1556177131326616287 
1556177131359971285 
1556177131393326283 
1556177131426681280 
1556177131460036278 
1556177131493391275 
1556177131526746273 
1556177131560101271 
1556177131593456268 
1556177131626811266 
1556177131660165310 
1556177131693520308 
1556177131726875305 
1556177131760230303 
1556177131793585300 
1556177131826940298 
1556177131860295296 
1556177131893650293 
1556177131927005291 
1556177131960360289 
1556177131993715286 
1556177132027070284 
1556177132060425282 
1556177132093780279 
1556177132127134323 
1556177132160489321 
1556177132193844318 
1556177132227199316 
1556177132260554314 
1556177132293909311 
1556177132327264309 
1556177132360619307 
1556177132393974304 
1556177132427329302 
1556177132460684299 
1556177132494039297 
1556177132527394295 
1556177132560748339 
1556177132594103336 
1556177132627458334 
1556177132660813332 
1556177132694168329 
1556177132727523327 
1556177132760878325 
1556177132794233322 
1556177132827588320 
1556177132860943317 
1556177132894298315 
1556177132927653313 
1556177132961008310 
1556177132994362354 
1556177133027717352 
1556177133061072350 
1556177133094427347 
1556177133127782345 
1556177133161137342 
1556177133194492340 
1556177133227847338 
1556177133261202335 
1556177133294557333 
1556177133327912331 
1556177133361267328 
1556177133394622326 
1556177133427977324 
1556177133461331367 
1556177133494686365 
1556177133528041363 
1556177133561396360 
1556177133594751358 
1556177133628106356 
1556177133661461353 
1556177133694816351 
1556177133728171349 
1556177133761526346 
1556177133794881344 
1556177133828236341 
1556177133861591339 
1556177133894945383 
1556177133928300381 
1556177133961655378 
1556177133995010376 
1556177134028365374 
1556177134061720371 
1556177134095075369 
1556177134128430367 
1556177134161785364 
1556177134195140362 
1556177134228495359 
1556177134261850357 
1556177134295205355 
1556177134328559399 
1556177134361914396 
1556177134395269394 
1556177134428624392 
1556177134461979389 
1556177134495334387 
1556177134528689384 
1556177134562044382 
1556177134595399380 
1556177134628754377 
1556177134662109375 
1556177134695464373 
1556177134728819370 
1556177134762174368 
1556177134795528412 
1556177134828883410 
1556177134862238407 
1556177134895593405 
1556177134928948402 
1556177134962303400 
1556177134995658398 
1556177135029013395 
1556177135062368393 
1556177135095723391 
1556177135129078388 
1556177135162433386 
1556177135195788383 
1556177135229142427 
1556177135262497425 
1556177135295852423 
1556177135329207420 
1556177135362562418 
1556177135395917416 
1556177135429272413 
1556177135462627411 
1556177135495982409 
1556177135529337406 
1556177135562692404 
1556177135596047401 
1556177135629402399 
1556177135662756443 
1556177135696111441 
1556177135729466438 
1556177135762821436 
1556177135796176434 
1556177135829531431 
1556177135862886429 
1556177135896241426 
1556177135929596424 
1556177135962951422 
1556177135996306419 
1556177136029661417 
1556177136063016415 
1556177136096371412 
1556177136129725456 
1556177136163080454 
1556177136196435452 
1556177136229790449 
1556177136263145447 
1556177136296500444 
1556177136329855442 
1556177136363210440 
1556177136396565437 
1556177136429920435 
1556177136463275433 
1556177136496630430 
1556177136529985428 
1556177136563339472 
1556177136596694469 
1556177136630049467 
1556177136663404465 
1556177136696759462 
1556177136730114460 
1556177136763469458 
1556177136796824455 
1556177136830179453 
1556177136863534451 
1556177136896889448 
1556177136930244446 
1556177136963599443 
1556177136996953487 
1556177137030308485 
1556177137063663483 
1556177137097018480 
1556177137130373478 
1556177137163728476 
1556177137197083473 
1556177137230438471 
1556177137263793468 
1556177137297148466 
1556177137330503464 
1556177137363858461 
1556177137397213459 
1556177137430568457 
1556177137463922501 
1556177137497277498 
1556177137530632496 
1556177137563987494 
1556177137597342491 
1556177137630697489 
1556177137664052486 
1556177137697407484 
1556177137730762482 
1556177137764117479 
1556177137797472477 
1556177137830827475 
1556177137864182472 
1556177137897536516 
1556177137930891514 
1556177137964246511 
1556177137997601509 
1556177138030956507 
1556177138064311504 
1556177138097666502 
1556177138131021500 
1556177138164376497 
1556177138197731495 
1556177138231086493 
1556177138264441490 
1556177138297796488 
1556177138331150532 
1556177138364505529 
1556177138397860527 
1556177138431215525 
1556177138464570522 
1556177138497925520 
1556177138531280518 
1556177138564635515 
1556177138597990513 
1556177138631345510 
1556177138664700508 
1556177138698055506 
1556177138731410503 
1556177138764765501 
1556177138798119545 
1556177138831474543 
1556177138864829540 
1556177138898184538 
1556177138931539536 
1556177138964894533 
1556177138998249531 
1556177139031604528 
1556177139064959526 
1556177139098314524 
1556177139131669521 
1556177139165024519 
1556177139198379517 
1556177139231733561 
1556177139265088558 
1556177139298443556 
1556177139331798553 
1556177139365153551 
1556177139398508549 
1556177139431863546 
1556177139465218544 
1556177139498573542 
1556177139531928539 
1556177139565283537 
1556177139598638535 
1556177139631993532 
1556177139665347576 
1556177139698702574 
1556177139732057571 
1556177139765412569 
1556177139798767567 
1556177139832122564 
1556177139865477562 
1556177139898832560 
1556177139932187557 
1556177139965542555 
1556177139998897552 
1556177140032252550 
1556177140065607548 
1556177140098962545 
1556177140132316589 
1556177140165671587 
1556177140199026585 
1556177140232381582 
1556177140265736580 
1556177140299091578 
1556177140332446575 
1556177140365801573 
1556177140399156570 
1556177140432511568 
1556177140465866566 
1556177140499221563 
1556177140532576561 
1556177140565930605 
1556177140599285603 
1556177140632640600 
1556177140665995598 
1556177140699350595 
1556177140732705593 
1556177140766060591 
1556177140799415588 
1556177140832770586 
1556177140866125584 
1556177140899480581 
1556177140932835579 
1556177140966190577 
1556177140999544621 
1556177141032899618 
1556177141066254616 
1556177141099609613 
1556177141132964611 
1556177141166319609 
1556177141199674606 
1556177141233029604 
1556177141266384602 
1556177141299739599 
1556177141333094597 
1556177141366449594 
1556177141399804592 
1556177141433159590 
1556177141466513634 
1556177141499868631 
1556177141533223629 
1556177141566578627 
1556177141599933624 
1556177141633288622 
1556177141666643620 
1556177141699998617 
1556177141733353615 
1556177141766708612 
1556177141800063610 
1556177141833418608 
1556177141866773605 
1556177141900127649 
1556177141933482647 
1556177141966837645 
1556177142000192642 
1556177142033547640 
1556177142066902637 
1556177142100257635 
1556177142133612633 
1556177142166967630 
1556177142200322628 
1556177142233677626 
1556177142267032623 
1556177142300387621 
1556177142333741665 
1556177142367096663 
1556177142400451660 
1556177142433806658 
1556177142467161655 
1556177142500516653 
1556177142533871651 
1556177142567226648 
1556177142600581646 
1556177142633936644 
1556177142667291641 
1556177142700646639 
1556177142734001637 
1556177142767356634 
1556177142800710678 
1556177142834065676 
1556177142867420673 
1556177142900775671 
1556177142934130669 
1556177142967485666 
1556177143000840664 
1556177143034195662 
1556177143067550659 
1556177143100905657 
1556177143134260654 
1556177143167615652 
1556177143200970650 
1556177143234324694 
1556177143267679691 
1556177143301034689 
1556177143334389687 
1556177143367744684 
1556177143401099682 
1556177143434454679 
1556177143467809677 
1556177143501164675 
1556177143534519672 
1556177143567874670 
1556177143601229668 
1556177143634584904 
1556177143667938709 
1556177143701293707 
1556177143734648705 
1556177143768003702 
1556177143801358700 
1556177143834713697 
1556177143868068695 
1556177143901423693 
1556177143934778690 
1556177143968133688 
1556177144001488686 
1556177144034843922 
1556177144068198919 
1556177144101553917 
1556177144134907722 
1556177144168262720 
1556177144201617718 
1556177144234972715 
1556177144268327713 
1556177144301682711 
1556177144335037708 
1556177144368392706 
1556177144401747942 
1556177144435102940 
1556177144468457937 
1556177144501812935 
1556177144535167933 
1556177144568521738 
1556177144601876736 
1556177144635231733 
1556177144668586731 
1556177144701941729 
1556177144735296726 
1556177144768651724 
1556177144802006960 
1556177144835361958 
1556177144868716955 
1556177144902071953 
1556177144935426950 
1556177144968781948 
1556177145002135754 
1556177145035490751 
1556177145068845749 
1556177145102200747 
1556177145135555744 
1556177145168910742 
1556177145202265978 
1556177145235620975 
1556177145268975973 
1556177145302330971 
1556177145335685968 
1556177145369040966 
1556177145402395964 
1556177145435750961 
1556177145469104767 
1556177145502459764 
1556177145535814762 
1556177145569169998 
1556177145602524996 
1556177145635879993 
1556177145669234991 
1556177145702589989 
1556177145735944986 
1556177145769299984 
1556177145802654982 
1556177145836009979 
1556177145869364977 
1556177145902718782 
1556177145936073780 
1556177145969429016 
1556177146002784014 
1556177146036139011 
1556177146069494009 
1556177146102849007 
1556177146136204004 
1556177146169559002 
1556177146202914000 
1556177146236268997 
1556177146269623995 
1556177146302978992 
1556177146336332798 
1556177146369688034 
1556177146403043032 
1556177146436398029 
1556177146469753027 
1556177146503108025 
1556177146536463022 
1556177146569818020 
1556177146603173018 
1556177146636528015 
1556177146669883013 
1556177146703238010 
1556177146736593008 
1556177146769948006 
1556177146803302050 
1556177146836657047 
1556177146870012045 
1556177146903367043 
1556177146936722040 
1556177146970077038 
1556177147003432035 
1556177147036787033 
1556177147070142031 
1556177147103497028 
1556177147136852026 
1556177147170207024 
1556177147203562021 
1556177147236916065 
1556177147270271063 
1556177147303626060 
1556177147336981058 
1556177147370336056 
1556177147403691053 
1556177147437046051 
1556177147470401049 
1556177147503756046 
1556177147537111044 
1556177147570466042 
1556177147603821039 
1556177147637176037 
1556177147670530081 
1556177147703885078 
1556177147737240076 
1556177147770595074 
1556177147803950071 
1556177147837305069 
1556177147870660067 
1556177147904015064 
1556177147937370062 
1556177147970725060 
1556177148004080057 
1556177148037435055 
1556177148070790052 
1556177148104145050 
1556177148137499094 
1556177148170854092 
1556177148204209089 
1556177148237564087 
1556177148270919085 
1556177148304274082 
1556177148337629080 
1556177148370984077 
1556177148404339075 
1556177148437694073 
1556177148471049070 
1556177148504404068 
1556177148537759066 
1556177148571113110 
1556177148604468107 
1556177148637823105 
1556177148671178102 
1556177148704533100 
1556177148737888098 
1556177148771243095 
1556177148804598093 
1556177148837953091 
1556177148871308088 
1556177148904663086 
1556177148938018084 
1556177148971373081 
1556177149004727125 
1556177149038082123 
1556177149071437120 
1556177149104792118 
1556177149138147116 
1556177149171502113 
1556177149204857111 
1556177149238212109 
1556177149271567106 
1556177149304922104 
1556177149338277102 
1556177149371632099 
1556177149404987097 
1556177149438342094 
1556177149471696138 
1556177149505051136 
1556177149538406134 
1556177149571761131 
1556177149605116129 
1556177149638471127 
1556177149671826124 
1556177149705181122 
1556177149738536119 
1556177149771891117 
1556177149805246115 
1556177149838601112 
1556177149871956110 
1556177149905310154 
1556177149938665152 
1556177149972020149 
1556177150005375147 
1556177150038730145 
1556177150072085142 
1556177150105440140 
1556177150138795137 
1556177150172150135 
1556177150205505133 
1556177150238860130 
1556177150272215128 
1556177150305570126 
1556177150338924170 
1556177150372279167 
1556177150405634165 
1556177150438989162 
1556177150472344160 
1556177150505699158 
1556177150539054155 
1556177150572409153 
1556177150605764151 
1556177150639119148 
1556177150672474146 
1556177150705829144 
1556177150739184141 
1556177150772539139 
1556177150805893183 
1556177150839248180 
1556177150872603178 
1556177150905958176 
1556177150939313173 
1556177150972668171 
1556177151006023169 
1556177151039378166 
1556177151072733164 
1556177151106088161 
1556177151139443159 
1556177151172798157 
1556177151206153154 
1556177151239507198 
1556177151272862196 
1556177151306217194 
1556177151339572191 
1556177151372927189 
1556177151406282187 
1556177151439637184 
1556177151472992182 
1556177151506347179 
1556177151539702177 
1556177151573057175 
1556177151606412172 
1556177151639767170 
1556177151673121214 
1556177151706476212 
1556177151739831209 
1556177151773186207 
1556177151806541204 
1556177151839896202 
1556177151873251200 
1556177151906606197 
1556177151939961195 
1556177151973316193 
1556177152006671190 
1556177152040026188 
1556177152073381186 
1556177152106736183 
1556177152140090227 
1556177152173445225 
1556177152206800222 
1556177152240155220 
1556177152273510218 
1556177152306865215 
1556177152340220213 
1556177152373575211 
1556177152406930208 
1556177152440285206 
1556177152473640203 
1556177152506995201 
1556177152540350199 
1556177152573704243 
1556177152607059240 
1556177152640414238 
1556177152673769236 
1556177152707124233 
1556177152740479231 
1556177152773834229 
1556177152807189226 
1556177152840544224 
1556177152873899221 
1556177152907254219 
1556177152940609217 
1556177152973964214 
1556177153007318258 
1556177153040673256 
1556177153074028254 
1556177153107383251 
1556177153140738249 
1556177153174093246 
1556177153207448244 
1556177153240803242 
1556177153274158239 
1556177153307513237 
1556177153340868235 
1556177153374223232 
1556177153407578230 
1556177153440933228 
1556177153474287271 
1556177153507642269 
1556177153540997267 
1556177153574352264 
1556177153607707262 
1556177153641062260 
1556177153674417257 
1556177153707772255 
1556177153741127253 
1556177153774482250 
1556177153807837248 
1556177153841192245 
1556177153874547243 
1556177153907901287 
1556177153941256285 
1556177153974611282 
1556177154007966280 
1556177154041321278 
1556177154074676275 
1556177154108031273 
1556177154141386271 
1556177154174741268 
1556177154208096266 
1556177154241451263 
1556177154274806261 
1556177154308161259 
1556177154341515303 
1556177154374870300 
1556177154408225298 
1556177154441580296 
1556177154474935293 
1556177154508290291 
1556177154541645288 
1556177154575000286 
1556177154608355284 
1556177154641710281 
1556177154675065279 
1556177154708420277 
1556177154741775274 
1556177154775130272 
1556177154808484316 
1556177154841839314 
1556177154875194311 
1556177154908549309 
1556177154941904306 
1556177154975259304 
1556177155008614302 
1556177155041969299 
1556177155075324297 
1556177155108679295 
1556177155142034292 
1556177155175389290 
1556177155208744287 
1556177155242098331 
1556177155275453329 
1556177155308808327 
1556177155342163324 
1556177155375518322 
1556177155408873320 
1556177155442228317 
1556177155475583315 
1556177155508938313 
1556177155542293310 
1556177155575648308 
1556177155609003305 
1556177155642358303 
1556177155675712347 
1556177155709067345 
1556177155742422342 
1556177155775777340 
1556177155809132338 
1556177155842487335 
1556177155875842333 
1556177155909197330 
1556177155942552328 
1556177155975907326 
1556177156009262323 
1556177156042617321 
1556177156075972319 
1556177156109327316 
1556177156142681360 
1556177156176036358 
1556177156209391356 
1556177156242746353 
1556177156276101351 
1556177156309456348 
1556177156342811346 
1556177156376166344 
1556177156409521341 
1556177156442876339 
1556177156476231337 
1556177156509586334 
1556177156542941332 
1556177156576295376 
1556177156609650373 
1556177156643005371 
1556177156676360369 
1556177156709715366 
1556177156743070364 
1556177156776425362 
1556177156809780359 
1556177156843135357 
1556177156876490355 
1556177156909845352 
1556177156943200350 
1556177156976555347 
1556177157009909391 
1556177157043264389 
1556177157076619387 
1556177157109974384 
1556177157143329382 
1556177157176684380 
1556177157210039377 
1556177157243394375 
1556177157276749372 
1556177157310104370 
1556177157343459368 
1556177157376814365 
1556177157410169363 
1556177157443524361 
1556177157476878405 
1556177157510233402 
1556177157543588400 
1556177157576943398 
1556177157610298395 
1556177157643653393 
1556177157677008390 
1556177157710363388 
1556177157743718386 
1556177157777073383 
1556177157810428381 
1556177157843783379 
1556177157877138376 
1556177157910492420 
1556177157943847418 
1556177157977202415 
1556177158010557413 
1556177158043912411 
1556177158077267408 
1556177158110622406 
1556177158143977404 
1556177158177332401 
1556177158210687399 
1556177158244042397 
1556177158277397394 
1556177158310752392 
1556177158344106436 
1556177158377461433 
1556177158410816431 
1556177158444171429 
1556177158477526426 
1556177158510881424 
1556177158544236422 
1556177158577591419 
1556177158610946417 
1556177158644301414 
1556177158677656412 
1556177158711011410 
1556177158744366407 
1556177158777721405 
1556177158811075449 
1556177158844430447 
1556177158877785444 
1556177158911140442 
1556177158944495440 
1556177158977850437 
1556177159011205435 
1556177159044560432 
1556177159077915430 
1556177159111270428 
1556177159144625425 
1556177159177980423 
1556177159211335421 
1556177159244689465 
1556177159278044462 
1556177159311399460 
1556177159344754457 
1556177159378109455 
1556177159411464453 
1556177159444819450 
1556177159478174448 
1556177159511529446 
1556177159544884443 
1556177159578239441 
1556177159611594439 
1556177159644949436 
1556177159678303480 
1556177159711658478 
1556177159745013475 
1556177159778368473 
1556177159811723471 
1556177159845078468 
1556177159878433466 
1556177159911788464 
1556177159945143461 
1556177159978498459 
1556177160011853456 
1556177160045208454 
1556177160078563452 
1556177160111918688 
1556177160145272493 
1556177160178627491 
1556177160211982489 
1556177160245337486 
1556177160278692484 
1556177160312047482 
1556177160345402479 
1556177160378757477 
1556177160412112474 
1556177160445467472 
1556177160478822470 
1556177160512177706 
1556177160545532703 
1556177160578886509 
1556177160612241507 
1556177160645596504 
1556177160678951502 
1556177160712306499 
1556177160745661497 
1556177160779016495 
1556177160812371492 
1556177160845726490 
1556177160879081488 
1556177160912436724 
1556177160945791721 
1556177160979146719 
1556177161012500525 
1556177161045855522 
1556177161079210520 
1556177161112565517 
1556177161145920515 
1556177161179275513 
1556177161212630510 
1556177161245985508 
1556177161279340744 
1556177161312695742 
1556177161346050739 
1556177161379405737 
1556177161412760735 
1556177161446115732 
1556177161479469538 
1556177161512824535 
1556177161546179533 
1556177161579534531 
1556177161612889528 
1556177161646244526 
1556177161679599762 
1556177161712954760 
1556177161746309757 
1556177161779664755 
1556177161813019753 
1556177161846374750 
1556177161879729748 
1556177161913083553 
1556177161946438551 
1556177161979793549 
1556177162013148546 
1556177162046503544 
1556177162079858780 
1556177162113213778 
1556177162146568775 
1556177162179923773 
1556177162213278770 
1556177162246633768 
1556177162279988766 
1556177162313343763 
1556177162346697569 
1556177162380052567 
1556177162413407564 
1556177162446762562 
1556177162480117798 
1556177162513472795 
1556177162546827793 
1556177162580182791 
1556177162613537788 
1556177162646892786 
1556177162680247784 
1556177162713602781 
1556177162746957779 
1556177162780312777 
1556177162813666582 
1556177162847021818 
1556177162880376816 
1556177162913731813 
1556177162947086811 
1556177162980441809 
1556177163013796806 
1556177163047151804 
1556177163080506802 
1556177163113861799 
1556177163147216797 
1556177163180571795 
1556177163213926792 
1556177163247280836 
1556177163280635834 
1556177163313990831 
1556177163347345829 
1556177163380700827 
1556177163414055824 
1556177163447410822 
1556177163480765820 
1556177163514120817 
1556177163547475815 
1556177163580830812 
1556177163614185810 
1556177163647540808 
1556177163680894852 
1556177163714249849 
1556177163747604847 
1556177163780959845 
1556177163814314842 
1556177163847669840 
1556177163881024837 
1556177163914379835 
1556177163947734833 
1556177163981089830 
1556177164014444828 
1556177164047799826 
1556177164081154823 
1556177164114509821 
1556177164147863865 
1556177164181218863 
1556177164214573860 
1556177164247928858 
1556177164281283855 
1556177164314638853 
1556177164347993851 
1556177164381348848 
1556177164414703846 
1556177164448058844 
1556177164481413841 
1556177164514768839 
1556177164548123837 
1556177164581477880 
1556177164614832878 
1556177164648187876 
1556177164681542873 
1556177164714897871 
1556177164748252869 
1556177164781607866 
1556177164814962864 
1556177164848317862 
1556177164881672859 
1556177164915027857 
1556177164948382854 
1556177164981737852 
1556177165015091896 
1556177165048446894 
1556177165081801891 
1556177165115156889 
1556177165148511887 
1556177165181866884 
1556177165215221882 
1556177165248576880 
1556177165281931877 
1556177165315286875 
1556177165348641872 
1556177165381996870 
1556177165415351868 
1556177165448706865 
1556177165482060909 
1556177165515415907 
1556177165548770905 
1556177165582125902 
1556177165615480900 
1556177165648835897 
1556177165682190895 
1556177165715545893 
1556177165748900890 
1556177165782255888 
1556177165815610886 
1556177165848965883 
1556177165882320881 
1556177165915674925 
1556177165949029922 
1556177165982384920 
1556177166015739918 
1556177166049094915 
1556177166082449913 
1556177166115804911 
1556177166149159908 
1556177166182514906 
1556177166215869904 
1556177166249224901 
1556177166282579899 
1556177166315934896 
1556177166349288940 
1556177166382643938 
1556177166415998936 
1556177166449353933 
1556177166482708931 
1556177166516063929 
1556177166549418926 
1556177166582773924 
1556177166616128922 
1556177166649483919 
1556177166682838917 
1556177166716193914 
1556177166749548912 
1556177166782903910 
1556177166816257954 
1556177166849612951 
1556177166882967949 
1556177166916322947 
1556177166949677944 
1556177166983032942 
1556177167016387939 
1556177167049742937 
1556177167083097935 
1556177167116452932 
1556177167149807930 
1556177167183162928 
1556177167216517925 
1556177167249871969 
1556177167283226967 
1556177167316581964 
1556177167349936962 
1556177167383291960 
1556177167416646957 
1556177167450001955 
1556177167483356953 
1556177167516711950 
1556177167550066948 
1556177167583421946 
1556177167616776943 
1556177167650131941 
1556177167683485985 
1556177167716840982 
1556177167750195980 
1556177167783550978 
1556177167816905975 
1556177167850260973 
1556177167883615971 
1556177167916970968 
1556177167950325966 
1556177167983680964 
1556177168017035961 
1556177168050390959 
1556177168083745956 
1556177168117100954 
1556177168150454998 
1556177168183809996 
1556177168217164993 
1556177168250519991 
1556177168283874989 
1556177168317229986 
1556177168350584984 
1556177168383939981 
1556177168417294979 
1556177168450649977 
1556177168484004974 
1556177168517359972 
1556177168550714970 
1556177168584069014 
1556177168617424011 
1556177168650779009 
1556177168684134007 
1556177168717489004 
1556177168750844002 
1556177168784198999 
1556177168817553997 
1556177168850908995 
1556177168884263992 
1556177168917618990 
1556177168950973988 
1556177168984328985 
1556177169017683029 
1556177169051038027 
1556177169084393024 
1556177169117748022 
1556177169151103020 
1556177169184458017 
1556177169217813015 
1556177169251168013 
1556177169284523010 
1556177169317878008 
1556177169351233006 
1556177169384588003 
1556177169417943001 
1556177169451297998 
1556177169484652042 
1556177169518007040 
1556177169551362038 
1556177169584717035 
1556177169618072033 
1556177169651427031 
1556177169684782028 
1556177169718137026 
1556177169751492023 
1556177169784847021 
1556177169818202019 
1556177169851557016 
1556177169884912014 
1556177169918266058 
1556177169951621056 
1556177169984976053 
1556177170018331051 
1556177170051686049 
1556177170085041046 
1556177170118396044 
1556177170151751041 
1556177170185106039 
1556177170218461037 
1556177170251816034 
1556177170285171032 
1556177170318526030 
1556177170351880074 
1556177170385235071 
1556177170418590069 
1556177170451945066 
1556177170485300064 
1556177170518655062 
1556177170552010059 
1556177170585365057 
1556177170618720055 
1556177170652075052 
1556177170685430050 
1556177170718785048 
1556177170752140045 
1556177170785495043 
1556177170818849087 
1556177170852204084 
1556177170885559082 
1556177170918914080 
1556177170952269077 
1556177170985624075 
1556177171018979073 
1556177171052334070 
1556177171085689068 
1556177171119044065 
1556177171152399063 
1556177171185754061 
1556177171219109058 
1556177171252463102 
1556177171285818100 
1556177171319173098 
1556177171352528095 
1556177171385883093 
1556177171419238091 
1556177171452593088 
1556177171485948086 
1556177171519303083 
1556177171552658081 
1556177171586013079 
1556177171619368076 
1556177171652723074 
1556177171686077118 
1556177171719432116 
1556177171752787113 
1556177171786142111 
1556177171819497108 
1556177171852852106 
1556177171886207104 
1556177171919562101 
1556177171952917099 
1556177171986272097 
1556177172019627094 
1556177172052982092 
1556177172086337090 
1556177172119692087 
1556177172153046131 
1556177172186401129 
1556177172219756126 
1556177172253111124 
1556177172286466122 
1556177172319821119 
1556177172353176117 
1556177172386531115 
1556177172419886112 
1556177172453241110 
1556177172486596107 
1556177172519951105 
1556177172553306103 
1556177172586660147 
1556177172620015144 
1556177172653370142 
1556177172686725140 
1556177172720080137 
1556177172753435135 
1556177172786790133 
1556177172820145130 
1556177172853500128 
1556177172886855125 
1556177172920210123 
1556177172953565121 
1556177172986920118 
1556177173020274162 
1556177173053629160 
1556177173086984158 
1556177173120339155 
1556177173153694153 
1556177173187049150 
1556177173220404148 
1556177173253759146 
1556177173287114143 
1556177173320469141 
1556177173353824139 
1556177173387179136 
1556177173420534134 
1556177173453889132 
1556177173487243176 
1556177173520598173 
1556177173553953171 
1556177173587308168 
1556177173620663166 
1556177173654018164 
1556177173687373161 
1556177173720728159 
1556177173754083157 
1556177173787438154 
1556177173820793152 
1556177173854148149 
1556177173887503147 
1556177173920857191 
1556177173954212189 
1556177173987567186 
1556177174020922184 
1556177174054277182 
1556177174087632179 
1556177174120987177 
1556177174154342175 
